p,seed_mean,seed_std,ood_auroc_mean,ood_auroc_std,ood_auprc_mean,ood_auprc_std,error_spearman_mean,error_spearman_std
0.1,46.5,3.0276503540974917,0.93978125,0.04718069878322713,0.9162329217944969,0.06069008191550511,0.04278857367858549,0.10439221719170365
0.2,46.5,3.0276503540974917,0.9211562499999999,0.052962605824683005,0.8921357350551465,0.06674918527252516,0.07917454484090525,0.10508614497541297
0.3,46.5,3.0276503540974917,0.92571875,0.04810499204545497,0.8977424739676136,0.06183148138720718,0.09954572216076349,0.07101895122083136
